# Non-crossing, angled ATTACH (±45°)
THEME  rustymetal.jpg rustymetal.jpg rustymetal.jpg
TILING 2 2   2 2   2 2

HALL   4 3 20 10    0    0 0 0
OBST   1.12  0.78  -9.4   0.77
ATTACH 20 4.4
OBST   -0.23  0.67  -4.45   0.74
ATTACH 20 -15.0
OBST   -1.22  0.5  -11.44   0.74
ATTACH 20 -33.2
OBST   -0.67  0.45  -11.99   0.49
ATTACH 20 11.2
OBST   0.65  0.64  -17.16   0.75
ATTACH 20 38.3
OBST   -0.18  0.71  -15.35   0.52
ATTACH 20 30.8
OBST   -1.28  0.56  -11.14   0.67
ATTACH 20 -38.7
OBST   -0.06  0.56  -10.35   0.51
OBST   -0.39  0.64  -14.7   0.61
ATTACH 20 -15.7
OBST   1.29  0.58  -7.31   0.66
OBST   0.9  0.69  -7.43   0.44
ATTACH 20 -44.8
OBST   -0.4  0.72  -16.96   0.46
OBST   1.22  0.64  -2.32   0.7
ATTACH 20 15.7
OBST   1.49  0.52  -7.02   0.53
OBST   1.34  0.52  -14.89   0.73
ATTACH 20 12.4
OBST   -0.66  0.61  -8.36   0.54
OBST   -0.5  0.53  -13.72   0.7
ATTACH 20 23.2
OBST   0.27  0.62  -4.81   0.5
OBST   -1.09  0.41  -17.4   0.8
ATTACH 20 -31.7
OBST   1.42  0.67  -2.15   0.61
OBST   -0.2  0.61  -16.9   0.7
OBST   -0.58  0.68  -3.45   0.49
ATTACH 20 -25.5
OBST   0.01  0.66  -5.02   0.67
OBST   -0.51  0.63  -15.4   0.6
OBST   1.32  0.78  -15.76   0.61
ATTACH 20 -6.1
OBST   0.36  0.46  -2.82   0.5
OBST   -1.01  0.6  -9.92   0.71
OBST   1.06  0.53  -6.67   0.62
ATTACH 20 21.3
OBST   0.11  0.64  -10.86   0.55
OBST   1.29  0.71  -7.19   0.75
OBST   0.31  0.43  -14.35   0.72
ATTACH 20 -26.4
OBST   -0.46  0.78  -6.98   0.55
OBST   -0.02  0.42  -10.83   0.43
OBST   -0.62  0.77  -15.63   0.67
ATTACH 20 29.1
OBST   0.45  0.68  -5.29   0.75
OBST   -0.43  0.55  -15.22   0.66
OBST   -0.86  0.48  -2.16   0.65
ATTACH 20 -10.7
OBST   0.69  0.6  -15.88   0.76
OBST   0.45  0.42  -3.38   0.59
OBST   0.29  0.55  -11.65   0.71
OBST   -0.8  0.4  -13.0   0.79