# Non-crossing with clearance; angled ATTACH (±45°)
THEME  bricks.jpg bricks.jpg bricks.jpg
TILING 2 2   2 2   2 2

HALL   4 3 20 10    0    0 0 0
OBST   -0.06  0.56  -6.76   0.61
OBST   -0.08  0.42  -4.54   0.6
OBST   0.17  0.54  -10.42   0.62
ATTACH 20 -32.6
OBST   0.36  0.42  -6.8   0.84
OBST   0.32  0.77  -2.82   0.56
ATTACH 20 -18.7
OBST   1.04  0.74  -9.0   0.68
OBST   -1.18  0.71  -3.63   0.78
ATTACH 20 -14.4
OBST   1.4  0.62  -16.76   0.59
OBST   0.8  0.41  -6.14   0.57
ATTACH 20 45.0
OBST   0.6  0.66  -10.1   0.84
OBST   0.77  0.79  -11.39   0.7
OBST   1.25  0.56  -3.1   0.7
ATTACH 20 35.6
OBST   0.49  0.54  -12.99   0.83
OBST   -1.04  0.45  -16.77   0.64
OBST   -1.4  0.59  -14.15   0.69
ATTACH 20 37.9
OBST   -0.29  0.65  -7.12   0.83
OBST   -0.06  0.55  -9.96   0.52
OBST   -0.1  0.73  -3.86   0.82
ATTACH 20 -2.7
OBST   0.76  0.59  -7.61   0.66
OBST   0.01  0.76  -7.65   0.52
OBST   0.73  0.46  -3.11   0.49
OBST   0.61  0.44  -16.14   0.66
ATTACH 20 -18.1
OBST   0.88  0.57  -16.47   0.7
OBST   0.76  0.72  -7.29   0.72
OBST   -0.13  0.66  -12.7   0.49
OBST   1.18  0.6  -17.74   0.65
ATTACH 20 6.2
OBST   0.78  0.56  -2.39   0.76
OBST   -0.12  0.52  -17.25   0.55
OBST   -0.5  0.45  -13.77   0.48
OBST   1.41  0.54  -11.15   0.75
ATTACH 20 36.0
OBST   -0.73  0.78  -2.13   0.75
OBST   -0.56  0.49  -17.61   0.61
OBST   -1.2  0.68  -11.16   0.49
OBST   1.1  0.45  -6.68   0.59
OBST   1.18  0.49  -10.05   0.85
ATTACH 20 -41.4
OBST   -1.33  0.52  -14.94   0.58
OBST   -0.24  0.68  -10.91   0.74
OBST   0.99  0.77  -8.96   0.46
OBST   -0.77  0.77  -11.22   0.74
OBST   -1.08  0.73  -9.87   0.55
ATTACH 20 -2.5
OBST   0.44  0.75  -11.15   0.49
OBST   -0.7  0.44  -3.22   0.77
OBST   -0.79  0.68  -2.64   0.56
OBST   -1.19  0.53  -4.74   0.55
OBST   0.46  0.59  -8.22   0.71
ATTACH 20 -5.1
OBST   0.74  0.68  -11.6   0.8
OBST   -0.81  0.74  -11.68   0.46
OBST   -1.0  0.5  -4.94   0.56
OBST   0.29  0.54  -6.67   0.78
OBST   -1.06  0.46  -10.45   0.48
OBST   1.4  0.47  -17.3   0.49
ATTACH 20 -42.1
OBST   0.28  0.67  -16.8   0.76
OBST   0.35  0.47  -11.79   0.62
OBST   -0.52  0.61  -4.97   0.59
OBST   -1.13  0.68  -5.2   0.75
OBST   0.28  0.8  -2.54   0.46
OBST   0.63  0.4  -8.96   0.61
ATTACH 20 -6.9
OBST   1.27  0.77  -5.4   0.58
OBST   -1.11  0.74  -12.54   0.6
OBST   -0.65  0.78  -2.08   0.85
OBST   -0.64  0.64  -7.94   0.78
OBST   0.53  0.61  -17.76   0.58
OBST   -0.43  0.76  -11.0   0.73
ATTACH 20 -18.1
OBST   1.41  0.56  -9.74   0.83
OBST   -0.62  0.74  -16.07   0.46
OBST   0.05  0.74  -6.54   0.8
OBST   -0.96  0.6  -12.94   0.5
OBST   1.03  0.64  -13.17   0.77
OBST   0.62  0.75  -6.56   0.79
OBST   -1.17  0.59  -17.47   0.82
ATTACH 20 -32.2
OBST   -0.91  0.7  -17.07   0.68
OBST   -0.44  0.45  -11.49   0.82
OBST   0.54  0.42  -2.23   0.51
OBST   -0.13  0.47  -14.96   0.84
OBST   1.29  0.57  -8.9   0.69
OBST   0.98  0.6  -14.5   0.75
OBST   0.41  0.46  -15.26   0.54
ATTACH 20 -29.6
OBST   -0.26  0.66  -14.14   0.58
OBST   -1.11  0.76  -4.84   0.5
OBST   0.76  0.64  -17.01   0.77
OBST   -1.08  0.8  -10.33   0.75
OBST   -0.25  0.68  -7.18   0.74
OBST   1.14  0.64  -2.64   0.71
OBST   -0.29  0.52  -16.3   0.82
ATTACH 20 -25.4
OBST   -1.34  0.68  -15.35   0.6
OBST   0.23  0.69  -16.9   0.47
OBST   0.07  0.58  -6.39   0.61
OBST   -1.2  0.48  -12.65   0.56
OBST   -0.74  0.41  -17.43   0.51
OBST   0.94  0.47  -15.87   0.59
OBST   0.15  0.79  -14.01   0.72
OBST   -1.31  0.77  -9.42   0.48